3750 325
1840 245
490 95
2540 79
1040 179
1830 58
90 181
820 110
2860 257
410 219
780 313
2890 252
2790 101
390 19
1440 92
1080 97
360 72
2280 311
680 116
110 74
1520 323
1630 220
350 101
1020 311
1820 126
2550 59
980 108
3070 90
1140 137
70 70
2650 274
1370 306
2800 122
50 217
2840 301
1000 67
2590 191
540 185
670 225
2890 63
2610 81
3190 82
2000 188
1190 251
3190 287
2640 251
280 115
2530 82
770 160
870 288
930 192
1830 301
1280 96
940 292
720 125
370 273
1690 170
1390 13
2260 321
880 324
800 39
1710 101
2220 59
50 9
230 132
3060 285
1910 195
660 231
1990 79
340 261
370 25
2690 157
1590 99
1360 156
1730 213
350 319
3010 111
350 262
1360 37
2090 90
1660 63
2980 136
1620 276
820 195
2250 206
2440 222
10 267
1380 231
400 260
300 17
2270 81
110 173
2980 245
230 100
3050 246
1680 308
1530 178
2640 21
1120 29
3010 93
50 174
1830 255
2500 23
1750 26
1890 280
1100 53
2730 301
1230 286
450 132
1140 61
1230 199
1680 321
2550 50
1460 99
330 135
1090 71
2220 320
3010 287
3150 305
2580 229
20 79
1950 93
1060 247
870 35
1090 61
550 218
2280 34
1840 210
3170 254
850 143
1790 92
180 160
1970 57
2980 226
2640 296
1220 166
2600 78
1700 308
2630 105
240 231
2260 82
450 247
2580 259
160 320
3020 318
1410 68
470 218
1220 268
20 98
2070 281
2640 224
1430 280
280 136
950 90
2490 54
3130 128
1560 181
1170 221
1890 287
2020 282
620 26
2850 187
230 118
20 239
1590 104
1090 19
1890 73
2870 124
430 57
500 148
1180 225
1790 287
2590 245
2200 43
2790 107
1960 314
10 308
1630 265
760 72
370 324
150 222
1680 236
2710 288
1930 4
850 82
2340 220
2190 8
1730 150
3150 322
330 181
1970 140
2820 156
1070 91
2990 307
570 89
510 108
3180 119
1240 56
2540 293
1150 14
2310 287
1120 214
2580 200
2940 46
1950 250
430 236
2150 215
610 281
340 165
2540 144
900 309
2030 159
1430 291
1090 197
1700 264
1680 325
2470 30
190 254
710 216
1980 73
1960 192
2890 188
1220 219
2810 95
1140 286
2880 107
2630 90
540 54
1690 162
3190 250
690 172
2330 194
990 201
830 72
850 98
920 253
2630 126
1290 175
2980 293
2950 167
1370 237
1170 319
1060 248
1660 95
2710 234
420 232
1100 288
40 275
2540 47
270 161
1850 310
2730 231
2440 257
2760 306
1150 304
560 98
2710 72
2280 134
2180 91
2010 107
2150 202
920 276
1390 310
1300 244
1520 22
1580 270
1100 153
900 135
2280 102
2140 281
2250 56
2420 168
1190 310
3120 148
890 280
280 171
2710 208
560 120
1260 137
2340 102
920 19
730 99
380 236
3190 47
1480 249
2340 322
2150 69
410 222
1910 43
1130 239
2700 263
1960 207
80 233
420 12
3000 218
1640 317
170 72
1430 178
1730 222
2170 198
2070 106
2340 86
1670 159
1220 192
100 298
2560 45
3130 112
1580 169
1800 133
870 286
2830 97
2390 84
2330 155
430 257
2850 186
2570 86
1170 19
2750 181
120 93
400 106
1460 87
790 196
2830 5
2850 162
2010 19
2130 298